73136.33
73136.33
73136.32
73136.33
73136.33
73136.33
73136.33
73136.33
73136.32
73136.32
73136.33
73136.32
73136.32
73136.33
73136.33
73136.33
73136.32
73136.32
73136.32
73136.33
73136.32
73136.33
73136.32
73136.32
73136.32
73136.33
73136.33
73136.33
73136.33
73136.33
73136.33
73136.32
73136.32
73136.32
73136.32
73136.33
73136.33
73136.33
73136.32
73136.32
73136.33
73136.32
73136.32
73136.32
73136.33
73136.33
73136.33
73136.33
73136.33
73136.33
73136.32
73136.33
73136.33
73136.33
73136.33
73136.33
73136.33
73136.33
73136.33
73136.36
73136.36
73136.36
73136.36
73136.47
73136.63
73136.64
73136.67
73136.77
73136.77
73136.77
73136.77
73136.77
73136.77
73136.77
73136.77
73136.77
73136.77
73136.77
73136.77
73136.77
73136.77
73136.77
73136.77
73136.77
73137.28
73137.68
73137.81
73137.96
73138
73138
73138
73138.08
73138.73
73138.73
73138.73
73138.73
73138.75
73138.75
73138.97
73139.2
73139.88
73140
73140
73140
73140
73140
73140
73140.01
73140.87
73140.9
73141.1
73141.09
73141.09
73141.09
73141.1
73141.1
73141.09
73141.21
73141.5
73142.03
73142.17
73142.18
73142.3
73142.45
73142.46
73142.53
73142.66
73142.66
73142.7
73142.7
73142.75
73142.84
73142.84
73142.84
73142.85
73142.85
73142.85
73142.85
73142.85
73142.85
73142.85
73142.85
73142.85
73142.85
73142.85
73142.85
73143.05
73143.17
73143.22
73143.26
73143.29
73143.36
73143.36
73143.36
73143.42
73143.75
73143.83
73143.83
73143.83
73143.94
73144.05
73144.05
73144.38
73144.38
73144.38
73144.38
73144.38
73144.38
73144.38
73144.38
73144.38
73144.38
73144.38
73144.8
73144.81
73145
73145.13
73146.07
73146.15
73146.38
73146.38
73146.53
73146.66
73146.93
73147.18
73147.39
73147.44
73147.48
73147.54
73147.57
73147.83
73147.83
73147.83
73147.83
73147.83
73147.83
73147.83
73147.83
73147.83
73147.83
73147.83
73147.83
73147.83
73147.83
73147.99
73147.99
73148.48
73148.49
73148.5
73148.56
73148.82
73148.93
73149
73149.29
73149.47
73149.6
73149.6
73149.61
73149.86
73149.87
73149.87
73149.86
73149.86
73149.87
73149.87
73149.87
73149.86
73149.86
73149.87
73149.87
73149.87
73149.86
73149.87
73149.87
73149.86
73149.86
73149.86
73149.86
73149.87
73149.87
73149.87
73149.86
73149.86
73149.86
73149.87
The average USD price of BTC is: 8959886.314999998
