69901
69901
69901
69901
69901.1
69901.36
69901.42
69901.43
69901.45
69901.45
69901.45
69901.45
69901.54
69901.59
69901.66
69901.96
69901.96
69902
69902.05
69902.18
69902.18
69902.18
69902.2
69902.73
69902.73
69902.83
69903.01
69903.01
69903.08
69903.08
69903.12
69903.19
69903.22
69903.37
69903.49
69903.6
69903.8
69904.26
69904.36
69904.41
69904.75
69904.76
69904.83
69904.98
69904.98
69905.04
69905.04
69905.04
69905.3
69905.41
69905.66
69905.69
69905.84
69905.84
69905.84
69905.84
69905.84
69905.84
69905.84
69905.84
69905.84
69905.84
69905.84
69905.84
69905.84
69905.84
69905.84
69906.05
69906.08
69906.08
69906.14
69906.24
69906.25
69906.25
69906.25
69906.41
69907.15
69907.54
69907.54
69907.54
69907.54
69907.69
69907.93
69908
69908.34
69908.58
69908.65
69908.65
69908.8
69908.82
69908.82
69908.82
69908.82
69909.03
69909.05
69909.05
69909.09
69909.09
69909.09
69909.09
69909.09
69909.09
69909.09
69909.12
69909.3
69909.38
69909.38
69909.38
69909.44
69909.52
69909.52
69909.52
69909.52
69909.81
69909.81
69909.89
69909.99
69910
69910
69910
69910
69910
69910
69910.11
69910.15
69910.29
69910.45
69910.6
69910.68
69910.68
69911.02
69911.09
69911.09
69911.09
69911.16
69911.31
69911.31
69911.31
69911.44
69911.48
69911.48
69911.72
69911.76
69911.76
69911.87
69912
69912.13
69912.21
69912.45
69912.6
69912.8
69912.96
69913.04
69913.04
69913.04
69913.1
69913.2
69913.41
69913.44
69913.5
69913.62
69913.8
69913.85
69913.85
69913.85
69913.85
69913.85
69913.85
69913.85
69913.94
69914.09
69914.1
69914.11
69914.11
69914.13
69914.28
69914.57
69914.79
69915.04
69915.12
69915.25
69915.25
69915.25
69915.25
69915.25
69915.25
69915.25
69915.25
69915.47
69915.48
69915.48
69915.51
69915.51
69915.51
69915.51
69915.65
69915.65
69915.65
69915.65
69915.65
69915.79
69915.84
69916.09
69916.25
69916.57
69916.66
69916.66
69916.98
69917.17
69917.19
69917.24
69917.24
69917.53
69917.87
69917.88
69918.09
69918.2
69918.26
69918.38
69918.6
69918.75
69918.75
69918.79
69919.31
69919.32
69919.33
69919.33
69919.33
69919.33
69909.05
69909.05
69909.04
69909.04
69909.04
69909.04
69909.04
69909.05
69909.04
69909.04
69909.04
69909.04
69909.04
69909.04
69909.04
69909.04
69909.04
69909.04
69909.04
69909.04
69909.04
69909.04
69909.04
69909.04
69909.04
69909.04
69909.04
69909.04
69909.04
69909.04
69909.04
69909.04
69909.05
69909.05
69909.04
69909.04
69909.04
69909.04
69909.04
69909.04
69909.04
69909.04
69909.04
69909.04
69909.04
69909.04
69909.04
69909.04
69909.04
69909.04
69909.04
69909.04
69909.04
69909.04
69909.04
69909.04
69909.04
69909.04
69909.04
69909.04
69909.05
69909.04
69909.04
69909.04
69909.04
69909.04
69909.04
69909.04
69909.04
69909.04
69909.01
69909.01
69909.01
69909.02
69909.01
69909.01
69909.01
69909.01
69909.01
69909.01
69909.01
69909
69909
69909
69909
69909
69909
69909
69909
69909.01
69909
69909
69909
69909
69909
69909
69909
69909
69909
69908.01
69908.01
69908.01
69908.01
69908.01
69908.01
69908
69908
69908
69908
69908
69908
69908.01
69908.01
69908.01
69908.01
69908
69908.01
69908.01
69908
69908
69908
69908
69908
69908
69908
69908
69908
69908
69908
69908.01
69908
69908.01
69908
69908.01
69908
69908.01
69908
69908.01
69908
69908
69908
69908
69908.01
69908
69908
69908
69908
69908
69908.01
69908
69908
69908.01
69908.01
69908.01
69908.01
69908
69908
69908.01
69908.01
69908
69908.01
69908
69908
69908
69908
69908
69908
69908
69908
69908
69908
69908
69908
69908
69908
69908
69908.01
69908.01
69908.01
69908
69908
69908
69908
69908
69908
69908
69908
69908
69908
69908
69908
69906.86
69906.86
69906.86
69905.21
69905.21
69905.21
69905.21
69904.01
69904.01
69904.02
69904.01
69904.01
69904.01
69904.01
69904.01
69904.02
69904.01
69904.01
69904.01
69904.01
69904.01
69904.01
69904.01
69904.01
69904.01
69904.01
69904.01
69904.01
69904.01
69904.01
69904.01
69904.01
69904.01
69904.01
69904.01
69904.01
69904.01
69904.01
69904.01
69904.01
69904.01
69904.01
69904.01
69904.01
69904.01
69904.01
69904.01
69904.01
69904.01
69904.01
69904.01
69904.01
The average USD price of BTC is: 16498459.670000035
