66879.57
66879.56
66879.56
66879.57
66879.56
66879.56
66879.56
66879.56
66877.57
66877.57
66877.19
66874.65
66874.64
66874.64
66874.65
66874.65
66874.65
66874.64
66874.64
66874
66871.63
66871.46
66871.46
66871.45
66871.34
66871.34
66871.34
66871.34
66871.34
66871.34
66871.33
66871.34
66871.34
66871.34
66871.34
66871.34
66871.34
66871.34
66871.34
66871.34
66871.34
66871.46
66873.11
66873.11
66873.12
66874.65
66874.65
66876.66
66877.31
66877.58
66879.57
66879.57
66879.99
66880
66880.15
66880.17
66881.1
66881.1
66881.1
66881.1
66881.1
The average USD price of BTC is: 2039697.6799999995
